ID	|T|	T	|V'|
T4.1	4	0,10,23,24	396
T4.2	4	6,16,21,22	347
T4.3	4	10,12,15,23	292
T4.4	4	3,18,24,26	382
T4.5	4	0,9,25,26	415
T4.6	4	6,17,20,25	364
T4.7	4	4,10,12,25	217
T4.8	4	1,6,15,19	420
T4.9	4	0,1,9,25	416
T4.10	4	0,7,20,21	383
T4.11	4	0,4,12,13	279
T4.12	4	3,7,15,21	341
T4.13	4	0,1,4,25	230
T4.14	4	2,7,19,20	517
T4.15	4	3,4,13,15	242
T4.16	4	0,11,15,19	412
T4.17	4	15,20,22,25	184
T4.18	4	4,7,14,15	277
T4.19	4	0,6,12,14	455
T4.20	4	1,10,17,19	336
T4.21	4	17,20,21,25	164
T4.22	4	5,6,13,16	689
T4.23	4	8,12,16,18	658
T4.24	4	0,1,18,19	439
T4.25	4	18,20,23,25	301
T4.26	4	5,6,15,18	717
T4.27	4	7,12,16,19	468
T4.28	4	0,2,18,21	382
T4.29	4	0,10,22,23	357
T4.30	4	4,6,16,20	399
T4.31	4	9,12,16,21	427
T4.32	4	1,10,14,20	261
T4.33	4	3,12,15,26	244
T4.34	4	5,6,13,24	687
T4.35	4	13,14,17,18	244
T4.36	4	0,11,16,20	347
T4.37	4	5,11,17,26	626
T4.38	4	4,5,15,26	615
T4.39	4	13,15,16,19	353
T4.40	4	12,19,20,26	355
T4.41	4	6,10,19,26	458
T4.42	4	7,17,22,25	225
T4.43	4	13,15,18,19	376
T4.44	4	12,19,21,26	314
T4.45	4	6,9,21,26	470
T4.46	4	0,7,20,22	392
T4.47	4	5,13,19,20	681
T4.48	4	5,7,14,21	720
T4.49	4	1,6,24,26	304
T4.50	4	4,7,18,20	341
T4.51	4	2,5,13,14	677
T4.52	4	7,8,13,20	691
T4.53	4	1,8,23,26	611
T4.54	4	5,6,9,22	752
T4.55	4	1,7,12,16	306
T4.56	4	9,10,12,20	417
T4.57	4	2,10,22,26	277
T4.58	4	5,8,9,21	830
T4.59	4	9,14,17,20	420
T4.60	4	2,8,12,20	633
T4.61	4	4,12,21,26	110
T4.62	4	5,7,11,23	732
T4.63	4	11,14,16,19	420
T4.64	4	5,12,18,22	685
T4.65	4	1,5,13,24	642
T4.66	4	3,4,8,10	663
T4.67	4	4,14,19,24	426
T4.68	4	2,7,18,21	408
T4.69	4	0,7,12,23	433
T4.70	4	5,6,7,10	773
T4.71	4	6,13,18,25	389
T4.72	4	1,9,19,21	464
T4.73	4	0,10,13,14	348
T4.74	4	6,7,8,9	792
T4.75	4	0,9,13,19	533
T4.76	4	1,11,21,22	119
T4.77	4	0,11,12,15	317
T4.78	4	5,6,7,10	773
T4.79	4	11,15,17,26	116
T4.80	4	13,15,19,23	366
T4.81	4	1,8,10,23	647
T4.82	4	1,7,20,22	292
T4.83	4	4,13,21,22	147
T4.84	4	13,15,19,25	296
T4.85	4	1,9,25,26	294
T4.86	4	1,7,19,24	466
T4.87	4	3,13,20,25	234
T4.88	4	0,13,15,20	272
T4.89	4	1,2,10,25	260
T4.90	4	2,7,19,26	495
T4.91	4	0,4,14,23	370
T4.92	4	3,13,17,20	241
T4.93	4	1,3,11,24	333
T4.94	4	1,5,8,11	801
T4.95	4	2,3,14,24	422
T4.96	4	13,20,22,25	189
T4.97	4	0,18,23,26	357
T4.98	4	8,12,19,21	595
T4.99	4	3,4,14,22	295
T4.100	4	12,20,25,26	179
T6.1	6	0,1,4,10,23,24	420
T6.2	6	1,6,14,16,21,22	418
T6.3	6	2,10,12,15,17,23	387
T6.4	6	3,6,17,18,24,26	521
T6.5	6	0,8,9,20,25,26	701
T6.6	6	6,16,17,20,22,25	425
T6.7	6	4,5,10,11,12,25	676
T6.8	6	1,6,15,19,22,23	511
T6.9	6	0,1,9,12,17,25	471
T6.10	6	0,7,11,20,21,23	478
T6.11	6	0,4,7,10,12,13	436
T6.12	6	3,7,15,16,21,26	435
T6.13	6	0,1,4,6,16,25	419
T6.14	6	2,5,7,19,20,25	795
T6.15	6	0,3,4,13,14,15	408
T6.16	6	0,3,11,13,15,19	495
T6.17	6	1,14,15,20,22,25	264
T6.18	6	0,2,4,7,14,15	500
T6.19	6	0,6,12,14,17,25	476
T6.20	6	1,6,7,10,17,19	585
T6.21	6	16,17,20,21,22,25	294
T6.22	6	2,5,6,13,16,24	728
T6.23	6	8,11,12,16,18,20	716
T6.24	6	0,1,9,18,19,23	645
T6.25	6	15,18,20,21,23,25	339
T6.26	6	5,6,7,15,18,20	810
T6.27	6	6,7,12,16,19,23	625
T6.28	6	0,2,12,16,18,21	466
T6.29	6	0,10,12,22,23,26	402
T6.30	6	4,6,7,13,16,20	514
T6.31	6	1,9,12,16,21,26	427
T6.32	6	1,9,10,14,18,20	505
T6.33	6	3,4,12,15,24,26	354
T6.34	6	5,6,13,15,24,26	692
T6.35	6	3,12,13,14,17,18	406
T6.36	6	0,11,16,20,21,24	397
T6.37	6	5,7,11,17,19,26	773
T6.38	6	4,5,13,15,19,26	682
T6.39	6	6,7,13,15,16,19	579
T6.40	6	12,17,19,20,24,26	436
T6.41	6	6,7,10,12,19,26	581
T6.42	6	7,8,17,22,23,25	729
T6.43	6	3,9,13,15,18,19	590
T6.44	6	0,11,12,19,21,26	455
T6.45	6	1,6,9,14,21,26	530
T6.46	6	0,1,3,7,20,22	454
T6.47	6	5,12,13,17,19,20	719
T6.48	6	3,5,7,11,14,21	768
T6.49	6	1,6,17,24,25,26	335
T6.50	6	0,2,4,7,18,20	505
T6.51	6	2,5,13,14,16,17	709
T6.52	6	6,7,8,13,20,25	732
T6.53	6	1,8,19,20,23,26	665
T6.54	6	4,5,6,9,21,22	771
T6.55	6	1,7,10,12,16,20	411
T6.56	6	9,10,11,12,20,21	466
T6.57	6	2,10,15,22,24,26	368
T6.58	6	5,7,8,9,11,21	918
T6.59	6	4,9,14,17,20,23	506
T6.60	6	2,8,12,15,16,20	657
T6.61	6	1,2,4,12,21,26	269
T6.62	6	3,5,7,11,13,23	783
T6.63	6	0,11,14,16,19,20	515
T6.64	6	0,5,12,18,20,22	737
T6.65	6	1,5,7,13,22,24	751
T6.66	6	3,4,8,10,17,23	740
T6.67	6	3,4,11,14,19,24	545
T6.68	6	2,7,18,21,22,23	472
T6.69	6	0,7,10,12,17,23	487
T6.70	6	5,6,7,10,13,21	781
T6.71	6	5,6,7,13,18,25	800
T6.72	6	1,9,16,19,21,26	516
T6.73	6	0,5,10,13,14,15	690
T6.74	6	4,6,7,8,9,24	799
T6.75	6	0,9,12,13,19,22	581
T6.76	6	1,3,10,11,21,22	318
T6.77	6	0,11,12,15,17,26	336
T6.78	6	0,5,6,7,10,26	793
T6.79	6	11,14,15,16,17,26	294
T6.80	6	1,4,13,15,19,23	394
T6.81	6	1,8,10,19,23,24	676
T6.82	6	1,4,7,20,22,24	397
T6.83	6	4,12,13,17,21,22	206
T6.84	6	6,13,15,19,22,25	463
T6.85	6	1,9,17,22,25,26	338
T6.86	6	1,6,7,12,19,24	562
T6.87	6	3,7,13,19,20,25	538
T6.88	6	0,9,13,15,18,20	529
T6.89	6	1,2,7,10,25,26	399
T6.90	6	2,6,7,11,19,26	635
T6.91	6	0,4,14,22,23,24	456
T6.92	6	3,11,13,16,17,20	377
T6.93	6	0,1,3,5,11,24	724
T6.94	6	1,2,5,8,11,16	835
T6.95	6	0,2,3,14,17,24	482
T6.96	6	13,16,20,22,24,25	326
T6.97	6	0,7,18,19,23,26	598
T6.98	6	8,12,13,18,19,21	675
T6.99	6	3,4,6,10,14,22	541
T6.100	6	12,17,20,21,25,26	221
T8.1	8	0,1,4,9,10,18,23,24	640
T8.2	8	0,1,6,14,16,21,22,26	487
T8.3	8	2,5,10,12,15,16,17,23	739
T8.4	8	3,6,8,12,17,18,24,26	783
T8.5	8	0,2,8,9,15,20,25,26	716
T8.6	8	4,5,6,16,17,20,22,25	743
T8.7	8	4,5,10,11,12,14,24,25	736
T8.8	8	1,6,13,15,19,22,23,24	546
T8.9	8	0,1,9,11,12,17,22,25	520
T8.10	8	0,7,10,11,16,20,21,23	555
T8.11	8	0,4,6,7,10,12,13,20	553
T8.12	8	3,5,7,15,16,20,21,26	772
T8.13	8	0,1,4,6,16,18,21,25	509
T8.14	8	2,5,7,16,19,20,25,26	808
T8.15	8	0,3,4,13,14,15,16,17	476
T8.16	8	0,3,11,13,14,15,19,20	550
T8.17	8	1,8,14,15,19,20,22,25	672
T8.18	8	0,2,4,7,12,14,15,18	556
T8.19	8	0,3,6,12,14,17,19,25	640
T8.20	8	1,2,6,7,10,17,19,22	640
T8.21	8	12,15,16,17,20,21,22,25	351
T8.22	8	2,5,6,13,16,18,24,25	780
T8.23	8	8,11,12,13,14,16,18,20	751
T8.24	8	0,1,2,9,11,18,19,23	679
T8.25	8	15,18,19,20,21,23,25,26	496
T8.26	8	5,6,7,9,15,18,20,24	875
T8.27	8	6,7,12,16,18,19,23,24	676
T8.28	8	0,2,6,12,16,18,21,22	566
T8.29	8	0,3,8,10,12,22,23,26	765
T8.30	8	2,4,6,7,13,16,18,20	618
T8.31	8	1,5,9,12,16,21,25,26	732
T8.32	8	1,9,10,14,15,18,20,25	526
T8.33	8	3,4,12,13,15,21,24,26	383
T8.34	8	5,6,11,13,15,18,24,26	754
T8.35	8	3,8,12,13,14,17,18,21	791
T8.36	8	0,6,11,16,20,21,22,24	500
T8.37	8	5,7,11,16,17,19,22,26	798
T8.38	8	1,4,5,13,15,19,20,26	703
T8.39	8	6,7,13,14,15,16,19,20	661
T8.40	8	1,12,14,17,19,20,24,26	499
T8.41	8	4,6,7,10,12,19,24,26	604
T8.42	8	7,8,10,17,22,23,24,25	774
T8.43	8	3,9,13,15,18,19,22,26	599
T8.44	8	0,6,11,12,19,21,25,26	558
T8.45	8	1,4,6,9,14,15,21,26	562
T8.46	8	0,1,3,6,7,20,21,22	588
T8.47	8	0,5,8,12,13,17,19,20	835
T8.48	8	0,3,5,7,11,14,15,21	798
T8.49	8	1,4,6,17,21,24,25,26	373
T8.50	8	0,2,4,7,11,18,20,25	535
T8.51	8	2,5,13,14,16,17,21,25	715
T8.52	8	5,6,7,8,13,20,22,25	904
T8.53	8	1,3,8,12,19,20,23,26	749
T8.54	8	3,4,5,6,9,18,21,22	837
T8.55	8	0,1,6,7,10,12,16,20	561
T8.56	8	2,4,9,10,11,12,20,21	509
T8.57	8	2,8,10,15,19,22,24,26	668
T8.58	8	1,5,7,8,9,11,21,26	919
T8.59	8	4,6,9,14,16,17,20,23	669
T8.60	8	2,7,8,12,14,15,16,20	780
T8.61	8	1,2,4,5,12,17,21,26	691
T8.62	8	3,5,6,7,11,12,13,23	844
T8.63	8	0,10,11,14,16,19,20,26	535
T8.64	8	0,2,5,12,17,18,20,22	770
T8.65	8	1,5,7,8,13,22,24,25	885
T8.66	8	3,4,8,10,13,17,23,26	745
T8.67	8	2,3,4,11,14,19,22,24	596
T8.68	8	1,2,7,9,18,21,22,23	605
T8.69	8	0,4,7,10,12,17,18,23	538
T8.70	8	4,5,6,7,10,13,21,23	806
T8.71	8	1,5,6,7,13,14,18,25	814
T8.72	8	1,4,9,10,16,19,21,26	561
T8.73	8	0,5,10,11,13,14,15,26	706
T8.74	8	0,3,4,6,7,8,9,24	849
T8.75	8	0,7,9,12,13,19,20,22	675
T8.76	8	1,3,10,11,12,18,21,22	434
T8.77	8	0,8,11,12,15,17,19,26	694
T8.78	8	0,5,6,7,9,10,16,26	850
T8.79	8	2,11,12,14,15,16,17,26	442
T8.80	8	1,3,4,7,13,15,19,23	584
T8.81	8	1,8,9,10,19,23,24,25	764
T8.82	8	0,1,3,4,7,20,22,24	520
T8.83	8	4,6,12,13,17,18,21,22	477
T8.84	8	6,8,13,14,15,19,22,25	694
T8.85	8	1,4,9,15,17,22,25,26	379
T8.86	8	1,6,7,8,12,14,19,24	764
T8.87	8	1,3,7,13,14,19,20,25	585
T8.88	8	0,9,13,15,16,18,20,26	566
T8.89	8	1,2,7,10,13,15,25,26	425
T8.90	8	2,6,7,11,13,19,22,26	658
T8.91	8	0,4,10,14,19,22,23,24	591
T8.92	8	3,8,11,13,16,17,20,24	730
T8.93	8	0,1,3,5,11,19,23,24	795
T8.94	8	1,2,5,7,8,11,16,21	906
T8.95	8	0,2,3,14,15,17,21,24	501
T8.96	8	3,9,13,16,20,22,24,25	529
T8.97	8	0,1,7,12,18,19,23,26	611
T8.98	8	1,5,8,12,13,18,19,21	847
T8.99	8	3,4,6,9,10,14,22,25	646
T8.100	8	8,12,17,19,20,21,25,26	647
T10.1	10	0,1,4,9,10,14,16,18,23,24	696
T10.2	10	0,1,3,6,10,14,16,21,22,26	572
T10.3	10	2,3,5,10,12,15,16,17,21,23	769
T10.4	10	3,6,8,12,17,18,19,21,24,26	802
T10.5	10	0,1,2,6,8,9,15,20,25,26	748
T10.6	10	4,5,6,13,16,17,20,22,25,26	747
T10.7	10	4,5,8,10,11,12,14,20,24,25	865
T10.8	10	1,6,8,10,13,15,19,22,23,24	729
T10.9	10	0,1,9,11,12,17,18,20,22,25	584
T10.10	10	0,4,7,10,11,15,16,20,21,23	571
T10.11	10	0,4,6,7,8,10,12,13,20,26	761
T10.12	10	1,3,5,7,15,16,20,21,24,26	792
T10.13	10	0,1,4,5,6,13,16,18,21,25	779
T10.14	10	2,4,5,7,16,17,19,20,25,26	818
T10.15	10	0,3,4,13,14,15,16,17,18,24	580
T10.16	10	0,2,3,11,13,14,15,18,19,20	635
T10.17	10	0,1,3,8,14,15,19,20,22,25	741
T10.18	10	0,2,4,7,12,14,15,18,20,23	614
T10.19	10	0,3,6,7,12,14,17,19,23,25	756
T10.20	10	1,2,6,7,8,10,15,17,19,22	788
T10.21	10	11,12,15,16,17,18,20,21,22,25	449
T10.22	10	2,5,6,8,11,13,16,18,24,25	895
T10.23	10	8,10,11,12,13,14,16,18,20,24	769
T10.24	10	0,1,2,6,9,11,18,19,23,24	759
T10.25	10	4,5,15,18,19,20,21,23,25,26	774
T10.26	10	0,5,6,7,9,15,18,20,24,26	885
T10.27	10	6,7,9,12,16,18,19,23,24,26	787
T10.28	10	0,2,6,11,12,16,17,18,21,22	597
T10.29	10	0,3,8,10,12,21,22,23,25,26	774
T10.30	10	2,4,6,7,12,13,16,18,19,20	698
T10.31	10	0,1,5,9,12,16,17,21,25,26	767
T10.32	10	1,5,9,10,14,15,18,20,22,25	782
T10.33	10	0,3,4,12,13,15,17,21,24,26	458
T10.34	10	5,6,9,11,13,15,16,18,24,26	822
T10.35	10	3,8,12,13,14,16,17,18,21,23	840
T10.36	10	0,6,10,11,16,19,20,21,22,24	601
T10.37	10	4,5,7,11,12,16,17,19,22,26	806
T10.38	10	0,1,2,4,5,13,15,19,20,26	751
T10.39	10	5,6,7,10,13,14,15,16,19,20	844
T10.40	10	1,10,12,14,17,19,20,24,25,26	529
T10.41	10	2,4,6,7,10,12,19,24,25,26	650
T10.42	10	7,8,10,14,16,17,22,23,24,25	812
T10.43	10	0,3,9,13,15,18,19,20,22,26	651
T10.44	10	0,3,6,11,12,15,19,21,25,26	628
T10.45	10	1,4,6,9,13,14,15,18,21,26	643
T10.46	10	0,1,3,6,7,8,12,20,21,22	821
T10.47	10	0,5,8,10,12,13,17,19,20,22	846
T10.48	10	0,3,5,7,11,14,15,17,20,21	811
T10.49	10	1,2,4,6,17,18,21,24,25,26	539
T10.50	10	0,2,4,7,10,11,18,20,24,25	602
T10.51	10	2,5,7,9,13,14,16,17,21,25	839
T10.52	10	1,5,6,7,8,10,13,20,22,25	908
T10.53	10	1,3,6,8,12,17,19,20,23,26	798
T10.54	10	3,4,5,6,9,13,18,21,22,23	865
T10.55	10	0,1,2,6,7,10,12,16,20,25	601
T10.56	10	2,4,9,10,11,12,19,20,21,25	611
T10.57	10	2,6,8,10,15,19,22,23,24,26	754
T10.58	10	1,2,5,7,8,9,11,14,21,26	938
T10.59	10	4,6,9,12,13,14,16,17,20,23	691
T10.60	10	2,7,8,9,12,14,15,16,19,20	845
T10.61	10	0,1,2,4,5,11,12,17,21,26	734
T10.62	10	3,5,6,7,11,12,13,21,23,25	845
T10.63	10	0,3,5,10,11,14,16,19,20,26	785
T10.64	10	0,2,5,8,9,12,17,18,20,22	925
T10.65	10	1,5,7,8,13,15,18,22,24,25	913
T10.66	10	1,3,4,8,10,13,14,17,23,26	781
T10.67	10	2,3,4,8,11,14,19,22,23,24	828
T10.68	10	0,1,2,7,9,18,21,22,23,26	667
T10.69	10	0,1,4,7,10,12,13,17,18,23	549
T10.70	10	1,4,5,6,7,10,13,16,21,23	815
T10.71	10	1,5,6,7,12,13,14,18,21,25	820
T10.72	10	1,4,9,10,12,15,16,19,21,26	580
T10.73	10	0,1,5,10,11,13,14,15,19,26	749
T10.74	10	0,3,4,6,7,8,9,11,22,24	880
T10.75	10	0,4,7,9,10,12,13,19,20,22	684
T10.76	10	1,2,3,6,10,11,12,18,21,22	627
T10.77	10	0,3,8,11,12,15,17,18,19,26	794
T10.78	10	0,5,6,7,9,10,13,16,23,26	877
T10.79	10	2,11,12,14,15,16,17,21,24,26	496
T10.80	10	1,2,3,4,7,13,15,19,21,23	634
T10.81	10	1,3,6,8,9,10,19,23,24,25	822
T10.82	10	0,1,3,4,7,20,21,22,24,26	529
T10.83	10	0,4,6,9,12,13,17,18,21,22	671
T10.84	10	6,7,8,13,14,15,18,19,22,25	804
T10.85	10	1,4,9,15,17,18,19,22,25,26	582
T10.86	10	1,6,7,8,10,12,14,17,19,24	790
T10.87	10	1,3,7,12,13,14,19,20,25,26	598
T10.88	10	0,2,4,9,13,15,16,18,20,26	607
T10.89	10	1,2,7,10,11,13,14,15,25,26	498
T10.90	10	2,5,6,7,11,13,19,22,25,26	854
T10.91	10	0,4,5,10,14,17,19,22,23,24	802
T10.92	10	3,8,11,13,16,17,18,20,23,24	824
T10.93	10	0,1,3,4,5,11,19,22,23,24	818
T10.94	10	1,2,5,7,8,11,14,16,21,24	921
T10.95	10	0,2,3,8,14,15,17,18,21,24	819
T10.96	10	3,9,10,13,16,19,20,22,24,25	625
T10.97	10	0,1,2,7,12,18,19,22,23,26	657
T10.98	10	1,5,8,12,13,14,16,18,19,21	874
T10.99	10	3,4,6,9,10,14,21,22,25,26	654
T10.100	10	1,8,10,12,17,19,20,21,25,26	663
T12.1	12	0,1,4,5,9,10,11,14,16,18,23,24	858
T12.2	12	0,1,3,6,10,12,14,16,21,22,25,26	605
T12.3	12	2,3,5,8,10,12,15,16,17,20,21,23	898
T12.4	12	3,6,7,8,12,17,18,19,21,22,24,26	862
T12.5	12	0,1,2,6,8,9,15,17,20,21,25,26	773
T12.6	12	0,4,5,6,13,15,16,17,20,22,25,26	760
T12.7	12	4,5,8,10,11,12,14,15,20,24,25,26	866
T12.8	12	1,6,8,10,11,13,14,15,19,22,23,24	783
T12.9	12	0,1,7,8,9,11,12,17,18,20,22,25	866
T12.10	12	0,4,7,10,11,12,15,16,18,20,21,23	614
T12.11	12	0,4,5,6,7,8,10,12,13,17,20,26	914
T12.12	12	0,1,3,5,7,8,15,16,20,21,24,26	926
T12.13	12	0,1,3,4,5,6,13,16,18,21,25,26	811
T12.14	12	2,3,4,5,7,9,16,17,19,20,25,26	873
T12.15	12	0,3,4,5,11,13,14,15,16,17,18,24	817
T12.16	12	0,2,3,4,11,13,14,15,18,19,20,24	687
T12.17	12	0,1,3,8,14,15,18,19,20,22,24,25	809
T12.18	12	0,1,2,4,7,12,14,15,18,20,23,26	614
T12.19	12	0,3,6,7,9,12,14,17,19,23,25,26	825
T12.20	12	1,2,6,7,8,10,13,15,17,19,22,24	796
T12.21	12	2,6,11,12,15,16,17,18,20,21,22,25	611
T12.22	12	2,4,5,6,8,11,13,16,18,19,24,25	902
T12.23	12	0,8,10,11,12,13,14,15,16,18,20,24	787
T12.24	12	0,1,2,3,4,6,9,11,18,19,23,24	799
T12.25	12	4,5,15,18,19,20,21,22,23,24,25,26	811
T12.26	12	0,5,6,7,8,9,15,18,20,24,25,26	968
T12.27	12	2,6,7,9,12,16,18,19,20,23,24,26	814
T12.28	12	0,2,6,11,12,15,16,17,18,21,22,24	620
T12.29	12	0,3,8,10,12,13,15,21,22,23,25,26	781
T12.30	12	2,4,6,7,12,13,16,18,19,20,21,24	713
T12.31	12	0,1,2,5,9,12,16,17,20,21,25,26	783
T12.32	12	0,1,2,5,9,10,14,15,18,20,22,25	813
T12.33	12	0,3,4,12,13,15,17,20,21,24,25,26	477
T12.34	12	4,5,6,9,11,13,15,16,18,22,24,26	843
T12.35	12	2,3,8,12,13,14,16,17,18,19,21,23	865
T12.36	12	0,6,10,11,14,16,17,19,20,21,22,24	648
T12.37	12	4,5,7,11,12,13,14,16,17,19,22,26	822
T12.38	12	0,1,2,4,5,13,15,17,19,20,23,26	787
T12.39	12	5,6,7,10,13,14,15,16,19,20,22,25	854
T12.40	12	1,5,9,10,12,14,17,19,20,24,25,26	825
T12.41	12	2,3,4,6,7,10,12,19,20,24,25,26	708
T12.42	12	7,8,9,10,14,16,17,20,22,23,24,25	889
T12.43	12	0,3,7,9,13,15,16,18,19,20,22,26	749
T12.44	12	0,3,6,11,12,15,18,19,21,22,25,26	681
T12.45	12	1,4,6,9,13,14,15,16,18,21,22,26	675
T12.46	12	0,1,2,3,6,7,8,12,17,20,21,22	843
T12.47	12	0,5,8,9,10,12,13,17,19,20,22,26	884
T12.48	12	0,1,3,5,7,11,14,15,17,19,20,21	853
T12.49	12	1,2,4,6,9,13,17,18,21,24,25,26	666
T12.50	12	0,2,4,7,10,11,13,18,20,22,24,25	616
T12.51	12	2,4,5,7,9,13,14,16,17,21,22,25	848
T12.52	12	1,5,6,7,8,9,10,11,13,20,22,25	953
T12.53	12	1,2,3,5,6,8,12,17,19,20,23,26	914
T12.54	12	2,3,4,5,6,9,13,14,18,21,22,23	890
T12.55	12	0,1,2,6,7,10,11,12,16,20,25,26	632
T12.56	12	0,2,4,9,10,11,12,19,20,21,23,25	698
T12.57	12	2,6,8,10,15,17,18,19,22,23,24,26	806
T12.58	12	0,1,2,5,7,8,9,11,14,21,24,26	959
T12.59	12	3,4,6,9,12,13,14,16,17,20,23,26	719
T12.60	12	2,7,8,9,11,12,14,15,16,19,20,22	869
T12.61	12	0,1,2,4,5,6,11,12,13,17,21,26	784
T12.62	12	2,3,5,6,7,11,12,13,18,21,23,25	886
T12.63	12	0,3,5,10,11,13,14,16,19,20,25,26	793
T12.64	12	0,2,5,8,9,12,17,18,20,22,23,25	947
T12.65	12	1,5,7,8,13,15,18,19,20,22,24,25	923
T12.66	12	0,1,3,4,8,10,13,14,17,21,23,26	803
T12.67	12	2,3,4,5,8,11,14,19,22,23,24,26	923
T12.68	12	0,1,2,7,9,12,16,18,21,22,23,26	705
T12.69	12	0,1,4,7,9,10,12,13,17,18,23,26	678
T12.70	12	0,1,4,5,6,7,10,13,16,19,21,23	861
T12.71	12	1,5,6,7,12,13,14,15,18,21,23,25	836
T12.72	12	0,1,4,9,10,12,15,16,19,21,24,26	640
T12.73	12	0,1,5,10,11,13,14,15,19,21,25,26	753
T12.74	12	0,3,4,6,7,8,9,10,11,21,22,24	890
T12.75	12	0,3,4,7,9,10,12,13,17,19,20,22	714
T12.76	12	1,2,3,6,10,11,12,17,18,19,21,22	707
T12.77	12	0,3,8,10,11,12,14,15,17,18,19,26	824
T12.78	12	0,5,6,7,9,10,13,15,16,22,23,26	882
T12.79	12	2,11,12,14,15,16,17,18,21,22,24,26	555
T12.80	12	1,2,3,4,7,12,13,14,15,19,21,23	673
T12.81	12	1,3,6,7,8,9,10,12,19,23,24,25	896
T12.82	12	0,1,3,4,7,10,16,20,21,22,24,26	576
T12.83	12	0,4,6,9,12,13,14,17,18,19,21,22	770
T12.84	12	0,3,6,7,8,13,14,15,18,19,22,25	882
T12.85	12	1,4,9,12,15,17,18,19,22,24,25,26	648
T12.86	12	1,5,6,7,8,10,12,14,17,18,19,24	939
T12.87	12	1,3,4,7,9,12,13,14,19,20,25,26	694
T12.88	12	0,2,4,9,13,15,16,17,18,20,24,26	644
T12.89	12	1,2,6,7,10,11,13,14,15,17,25,26	634
T12.90	12	2,5,6,7,9,11,13,19,21,22,25,26	898
T12.91	12	0,3,4,5,10,14,17,19,20,22,23,24	838
T12.92	12	3,4,6,8,11,13,16,17,18,20,23,24	855
T12.93	12	0,1,3,4,5,7,11,19,22,23,24,26	877
T12.94	12	1,2,3,5,7,8,11,14,15,16,21,24	948
T12.95	12	0,2,3,8,9,14,15,17,18,21,23,24	890
T12.96	12	3,7,9,10,13,15,16,19,20,22,24,25	725
T12.97	12	0,1,2,5,7,12,14,18,19,22,23,26	871
T12.98	12	1,5,6,8,12,13,14,16,18,19,21,24	891
T12.99	12	0,3,4,6,9,10,14,18,21,22,25,26	722
T12.100	12	1,2,5,8,10,12,17,19,20,21,25,26	844
T14.1	14	0,1,4,5,9,10,11,12,14,15,16,18,23,24	867
T14.2	14	0,1,3,6,8,10,12,14,16,19,21,22,25,26	803
T14.3	14	2,3,4,5,8,10,12,15,16,17,20,21,23,25	902
T14.4	14	2,3,4,6,7,8,12,17,18,19,21,22,24,26	875
T14.5	14	0,1,2,6,8,9,10,13,15,17,20,21,25,26	780
T14.6	14	0,4,5,6,13,14,15,16,17,20,21,22,25,26	783
T14.7	14	3,4,5,8,10,11,12,14,15,20,21,24,25,26	896
T14.8	14	1,2,3,6,8,10,11,13,14,15,19,22,23,24	855
T14.9	14	0,1,3,7,8,9,10,11,12,17,18,20,22,25	892
T14.10	14	0,4,7,9,10,11,12,15,16,17,18,20,21,23	729
T14.11	14	0,4,5,6,7,8,10,12,13,17,20,22,23,26	940
T14.12	14	0,1,3,5,7,8,15,16,19,20,21,24,25,26	929
T14.13	14	0,1,3,4,5,6,9,13,16,18,19,21,25,26	878
T14.14	14	2,3,4,5,7,9,12,13,16,17,19,20,25,26	879
T14.15	14	0,3,4,5,9,11,13,14,15,16,17,18,22,24	862
T14.16	14	0,2,3,4,11,12,13,14,15,18,19,20,22,24	703
T14.17	14	0,1,3,8,13,14,15,16,18,19,20,22,24,25	820
T14.18	14	0,1,2,3,4,5,7,12,14,15,18,20,23,26	861
T14.19	14	0,3,4,6,7,9,11,12,14,17,19,23,25,26	837
T14.20	14	1,2,6,7,8,9,10,11,13,15,17,19,22,24	873
T14.21	14	2,6,11,12,13,15,16,17,18,19,20,21,22,25	684
T14.22	14	0,1,2,4,5,6,8,11,13,16,18,19,24,25	911
T14.23	14	0,3,8,10,11,12,13,14,15,16,18,20,24,26	834
T14.24	14	0,1,2,3,4,6,9,11,12,18,19,23,24,26	808
T14.25	14	4,5,6,11,15,18,19,20,21,22,23,24,25,26	846
T14.26	14	0,5,6,7,8,9,15,16,18,20,21,24,25,26	969
T14.27	14	0,2,3,6,7,9,12,16,18,19,20,23,24,26	849
T14.28	14	0,2,5,6,11,12,15,16,17,18,21,22,24,26	824
T14.29	14	0,3,8,10,11,12,13,15,20,21,22,23,25,26	813
T14.30	14	2,4,5,6,7,12,13,16,18,19,20,21,22,24	889
T14.31	14	0,1,2,4,5,9,12,15,16,17,20,21,25,26	791
T14.32	14	0,1,2,4,5,9,10,14,15,17,18,20,22,25	835
T14.33	14	0,3,4,10,12,13,15,17,20,21,22,24,25,26	518
T14.34	14	1,4,5,6,9,11,13,15,16,18,21,22,24,26	845
T14.35	14	2,3,5,8,9,12,13,14,16,17,18,19,21,23	963
T14.36	14	0,3,6,10,11,12,14,16,17,19,20,21,22,24	719
T14.37	14	1,4,5,7,11,12,13,14,16,17,19,22,23,26	837
T14.38	14	0,1,2,3,4,5,13,15,17,19,20,23,24,26	830
T14.39	14	5,6,7,8,10,13,14,15,16,19,20,21,22,25	926
T14.40	14	1,5,8,9,10,12,14,17,18,19,20,24,25,26	928
T14.41	14	1,2,3,4,6,7,10,12,17,19,20,24,25,26	717
T14.42	14	0,6,7,8,9,10,14,16,17,20,22,23,24,25	913
T14.43	14	0,3,6,7,8,9,13,15,16,18,19,20,22,26	900
T14.44	14	0,3,6,7,10,11,12,15,18,19,21,22,25,26	758
T14.45	14	1,4,6,9,12,13,14,15,16,18,19,21,22,26	747
T14.46	14	0,1,2,3,4,6,7,8,12,17,20,21,22,26	843
T14.47	14	0,2,5,8,9,10,11,12,13,17,19,20,22,26	905
T14.48	14	0,1,3,5,7,10,11,14,15,17,19,20,21,25	858
T14.49	14	1,2,4,5,6,9,13,16,17,18,21,24,25,26	850
T14.50	14	0,1,2,4,7,10,11,12,13,18,20,22,24,25	622
T14.51	14	2,4,5,7,9,11,13,14,16,17,20,21,22,25	858
T14.52	14	1,5,6,7,8,9,10,11,13,20,21,22,24,25	958
T14.53	14	0,1,2,3,5,6,8,10,12,17,19,20,23,26	923
T14.54	14	2,3,4,5,6,9,11,13,14,17,18,21,22,23	896
T14.55	14	0,1,2,3,6,7,10,11,12,16,19,20,25,26	749
T14.56	14	0,2,4,9,10,11,12,18,19,20,21,23,25,26	733
T14.57	14	2,6,8,10,15,17,18,19,21,22,23,24,25,26	817
T14.58	14	0,1,2,5,7,8,9,11,12,14,19,21,24,26	962
T14.59	14	3,4,6,9,10,12,13,14,15,16,17,20,23,26	732
T14.60	14	2,7,8,9,11,12,14,15,16,17,19,20,22,23	906
T14.61	14	0,1,2,4,5,6,11,12,13,17,21,23,24,26	816
T14.62	14	2,3,5,6,7,8,9,11,12,13,18,21,23,25	1000
T14.63	14	0,3,5,9,10,11,13,14,16,17,19,20,25,26	834
T14.64	14	0,2,3,4,5,8,9,12,17,18,20,22,23,25	963
T14.65	14	0,1,5,6,7,8,13,15,18,19,20,22,24,25	941
T14.66	14	0,1,3,4,8,10,13,14,16,17,21,22,23,26	822
T14.67	14	2,3,4,5,8,11,14,17,18,19,22,23,24,26	952
T14.68	14	0,1,2,3,7,9,12,16,17,18,21,22,23,26	735
T14.69	14	0,1,3,4,6,7,9,10,12,13,17,18,23,26	781
T14.70	14	0,1,4,5,6,7,10,13,14,16,17,19,21,23	873
T14.71	14	1,5,6,7,12,13,14,15,18,19,21,22,23,25	874
T14.72	14	0,1,4,9,10,12,15,16,19,20,21,24,25,26	649
T14.73	14	0,1,4,5,10,11,13,14,15,18,19,21,25,26	803
T14.74	14	0,1,3,4,6,7,8,9,10,11,17,21,22,24	897
T14.75	14	0,3,4,7,9,10,11,12,13,17,19,20,21,22	744
T14.76	14	1,2,3,6,9,10,11,12,17,18,19,21,22,24	777
T14.77	14	0,2,3,5,8,10,11,12,14,15,17,18,19,26	934
T14.78	14	0,1,5,6,7,9,10,11,13,15,16,22,23,26	890
T14.79	14	2,9,11,12,14,15,16,17,18,21,22,24,25,26	665
T14.80	14	1,2,3,4,7,10,11,12,13,14,15,19,21,23	697
T14.81	14	1,3,6,7,8,9,10,11,12,16,19,23,24,25	917
T14.82	14	0,1,3,4,7,10,15,16,20,21,22,23,24,26	634
T14.83	14	0,2,4,6,9,12,13,14,17,18,19,21,22,26	781
T14.84	14	0,3,4,6,7,8,13,14,15,18,19,22,25,26	882
T14.85	14	1,4,6,9,11,12,15,17,18,19,22,24,25,26	725
T14.86	14	1,5,6,7,8,10,12,14,17,18,19,20,24,25	946
T14.87	14	0,1,3,4,7,9,12,13,14,16,19,20,25,26	752
T14.88	14	0,2,4,5,9,11,13,15,16,17,18,20,24,26	844
T14.89	14	1,2,6,7,10,11,12,13,14,15,17,23,25,26	675
T14.90	14	2,4,5,6,7,9,11,13,17,19,21,22,25,26	904
T14.91	14	0,1,3,4,5,10,14,15,17,19,20,22,23,24	839
T14.92	14	1,3,4,6,8,11,13,14,16,17,18,20,23,24	875
T14.93	14	0,1,3,4,5,7,11,13,14,19,22,23,24,26	889
T14.94	14	1,2,3,5,7,8,11,14,15,16,19,21,23,24	965
T14.95	14	0,2,3,5,8,9,14,15,17,18,21,23,24,26	961
T14.96	14	3,7,8,9,10,13,15,16,17,19,20,22,24,25	858
T14.97	14	0,1,2,4,5,7,12,14,18,19,20,22,23,26	878
T14.98	14	1,2,5,6,8,10,12,13,14,16,18,19,21,24	910
T14.99	14	0,3,4,6,7,9,10,14,18,19,21,22,25,26	823
T14.100	14	1,2,5,8,9,10,12,17,18,19,20,21,25,26	913
T16.1	16	0,1,4,5,9,10,11,12,14,15,16,18,22,23,24,26	871
T16.2	16	0,1,3,6,8,9,10,12,14,16,18,19,21,22,25,26	878
T16.3	16	2,3,4,5,8,10,12,15,16,17,20,21,22,23,25,26	911
T16.4	16	0,2,3,4,6,7,8,12,16,17,18,19,21,22,24,26	887
T16.5	16	0,1,2,6,7,8,9,10,13,15,17,20,21,23,25,26	894
T16.6	16	0,1,4,5,6,11,13,14,15,16,17,20,21,22,25,26	794
T16.7	16	1,3,4,5,8,10,11,12,14,15,20,21,22,24,25,26	903
T16.8	16	0,1,2,3,4,6,8,10,11,13,14,15,19,22,23,24	871
T16.9	16	0,1,3,5,7,8,9,10,11,12,17,18,19,20,22,25	983
T16.10	16	0,1,4,7,9,10,11,12,15,16,17,18,20,21,23,25	733
T16.11	16	0,4,5,6,7,8,10,12,13,15,17,20,22,23,24,26	945
T16.12	16	0,1,2,3,5,7,8,11,15,16,19,20,21,24,25,26	953
T16.13	16	0,1,2,3,4,5,6,9,10,13,16,18,19,21,25,26	887
T16.14	16	0,2,3,4,5,7,8,9,12,13,16,17,19,20,25,26	960
T16.15	16	0,3,4,5,6,9,11,13,14,15,16,17,18,22,23,24	905
T16.16	16	0,2,3,4,5,9,11,12,13,14,15,18,19,20,22,24	902
T16.17	16	0,1,3,8,10,13,14,15,16,17,18,19,20,22,24,25	836
T16.18	16	0,1,2,3,4,5,7,11,12,14,15,18,20,23,25,26	867
T16.19	16	0,3,4,6,7,9,11,12,14,15,16,17,19,23,25,26	848
T16.20	16	1,2,6,7,8,9,10,11,13,15,16,17,19,21,22,24	883
T16.21	16	0,2,6,9,11,12,13,15,16,17,18,19,20,21,22,25	769
T16.22	16	0,1,2,4,5,6,8,10,11,13,14,16,18,19,24,25	926
T16.23	16	0,3,8,9,10,11,12,13,14,15,16,18,20,23,24,26	904
T16.24	16	0,1,2,3,4,6,9,11,12,17,18,19,21,23,24,26	819
T16.25	16	4,5,6,8,10,11,15,18,19,20,21,22,23,24,25,26	919
T16.26	16	0,5,6,7,8,9,14,15,16,17,18,20,21,24,25,26	982
T16.27	16	0,2,3,5,6,7,9,12,14,16,18,19,20,23,24,26	957
T16.28	16	0,2,4,5,6,11,12,15,16,17,18,19,21,22,24,26	856
T16.29	16	0,3,8,10,11,12,13,15,17,19,20,21,22,23,25,26	827
T16.30	16	2,4,5,6,7,12,13,15,16,18,19,20,21,22,24,26	889
T16.31	16	0,1,2,4,5,9,12,14,15,16,17,20,21,23,25,26	831
T16.32	16	0,1,2,3,4,5,9,10,14,15,17,18,20,21,22,25	849
T16.33	16	0,3,4,9,10,11,12,13,15,17,20,21,22,24,25,26	651
T16.34	16	1,4,5,6,9,11,13,15,16,17,18,21,22,23,24,26	868
T16.35	16	2,3,5,8,9,10,12,13,14,15,16,17,18,19,21,23	963
T16.36	16	0,3,6,7,10,11,12,14,16,17,18,19,20,21,22,24	800
T16.37	16	1,4,5,7,11,12,13,14,16,17,19,21,22,23,25,26	840
T16.38	16	0,1,2,3,4,5,8,13,15,17,18,19,20,23,24,26	944
T16.39	16	5,6,7,8,10,11,13,14,15,16,19,20,21,22,23,25	947
T16.40	16	1,5,8,9,10,12,14,15,16,17,18,19,20,24,25,26	930
T16.41	16	1,2,3,4,6,7,10,11,12,17,19,20,22,24,25,26	753
T16.42	16	0,6,7,8,9,10,13,14,16,17,18,20,22,23,24,25	937
T16.43	16	0,2,3,6,7,8,9,13,15,16,18,19,20,22,24,26	908
T16.44	16	0,1,2,3,6,7,10,11,12,15,18,19,21,22,25,26	773
T16.45	16	1,4,6,9,10,12,13,14,15,16,18,19,21,22,24,26	765
T16.46	16	0,1,2,3,4,6,7,8,12,17,18,20,21,22,24,26	881
T16.47	16	0,2,5,8,9,10,11,12,13,15,17,19,20,22,24,26	915
T16.48	16	0,1,3,5,7,9,10,11,14,15,17,19,20,21,23,25	906
T16.49	16	1,2,4,5,6,7,9,10,13,16,17,18,21,24,25,26	898
T16.50	16	0,1,2,3,4,7,10,11,12,13,16,18,20,22,24,25	682
T16.51	16	2,3,4,5,6,7,9,11,13,14,16,17,20,21,22,25	904
T16.52	16	1,2,5,6,7,8,9,10,11,13,14,20,21,22,24,25	973
T16.53	16	0,1,2,3,5,6,8,9,10,12,17,19,20,21,23,26	940
T16.54	16	2,3,4,5,6,9,10,11,13,14,17,18,21,22,23,26	900
T16.55	16	0,1,2,3,6,7,8,10,11,12,15,16,19,20,25,26	869
T16.56	16	0,2,4,7,8,9,10,11,12,18,19,20,21,23,25,26	907
T16.57	16	2,6,8,9,10,15,16,17,18,19,21,22,23,24,25,26	873
T16.58	16	0,1,2,4,5,7,8,9,11,12,14,15,19,21,24,26	962
T16.59	16	3,4,6,9,10,11,12,13,14,15,16,17,20,21,23,26	749
T16.60	16	2,5,7,8,9,11,12,14,15,16,17,18,19,20,22,23	989
T16.61	16	0,1,2,4,5,6,9,11,12,13,16,17,21,23,24,26	866
T16.62	16	2,3,5,6,7,8,9,11,12,13,14,16,18,21,23,25	1006
T16.63	16	0,2,3,5,9,10,11,13,14,15,16,17,19,20,25,26	843
T16.64	16	0,2,3,4,5,8,9,11,12,16,17,18,20,22,23,25	971
T16.65	16	0,1,5,6,7,8,9,13,14,15,18,19,20,22,24,25	984
T16.66	16	0,1,3,4,8,9,10,12,13,14,16,17,21,22,23,26	867
T16.67	16	1,2,3,4,5,7,8,11,14,17,18,19,22,23,24,26	987
T16.68	16	0,1,2,3,7,9,10,12,16,17,18,21,22,23,24,26	766
T16.69	16	0,1,3,4,6,7,9,10,12,13,16,17,18,19,23,26	845
T16.70	16	0,1,4,5,6,7,10,11,13,14,16,17,19,21,23,25	881
T16.71	16	1,4,5,6,7,11,12,13,14,15,18,19,21,22,23,25	880
T16.72	16	0,1,4,6,9,10,12,15,16,17,19,20,21,24,25,26	708
T16.73	16	0,1,4,5,10,11,12,13,14,15,18,19,21,22,25,26	817
T16.74	16	0,1,2,3,4,6,7,8,9,10,11,15,17,21,22,24	903
T16.75	16	0,3,4,7,9,10,11,12,13,15,17,18,19,20,21,22	771
T16.76	16	1,2,3,6,9,10,11,12,15,16,17,18,19,21,22,24	785
T16.77	16	0,2,3,5,6,8,10,11,12,14,15,16,17,18,19,26	951
T16.78	16	0,1,5,6,7,9,10,11,13,14,15,16,20,22,23,26	900
T16.79	16	2,7,9,11,12,14,15,16,17,18,21,22,23,24,25,26	742
T16.80	16	0,1,2,3,4,7,8,10,11,12,13,14,15,19,21,23	895
T16.81	16	1,3,6,7,8,9,10,11,12,16,19,21,22,23,24,25	924
T16.82	16	0,1,2,3,4,5,7,10,15,16,20,21,22,23,24,26	856
T16.83	16	0,2,4,6,9,12,13,14,16,17,18,19,21,22,24,26	795
T16.84	16	0,1,3,4,6,7,8,13,14,15,17,18,19,22,25,26	890
T16.85	16	1,3,4,5,6,9,11,12,15,17,18,19,22,24,25,26	900
T16.86	16	0,1,5,6,7,8,10,11,12,14,17,18,19,20,24,25	958
T16.87	16	0,1,2,3,4,7,8,9,12,13,14,16,19,20,25,26	880
T16.88	16	0,1,2,4,5,9,11,13,15,16,17,18,20,24,25,26	847
T16.89	16	1,2,4,6,7,10,11,12,13,14,15,17,18,23,25,26	711
T16.90	16	0,2,4,5,6,7,9,11,13,17,19,20,21,22,25,26	916
T16.91	16	0,1,3,4,5,7,10,11,14,15,17,19,20,22,23,24	895
T16.92	16	1,3,4,6,8,9,10,11,13,14,16,17,18,20,23,24	912
T16.93	16	0,1,3,4,5,7,8,11,13,14,19,21,22,23,24,26	969
T16.94	16	1,2,3,5,6,7,8,11,12,14,15,16,19,21,23,24	976
T16.95	16	0,2,3,5,6,8,9,14,15,17,18,19,21,23,24,26	972
T16.96	16	2,3,7,8,9,10,13,15,16,17,19,20,22,24,25,26	864
T16.97	16	0,1,2,4,5,6,7,12,14,18,19,20,21,22,23,26	907
T16.98	16	0,1,2,5,6,8,10,12,13,14,16,18,19,21,24,26	920
T16.99	16	0,2,3,4,6,7,9,10,14,15,18,19,21,22,25,26	833
T16.100	16	1,2,5,6,8,9,10,12,14,17,18,19,20,21,25,26	943
T18.1	18	0,1,2,4,5,7,9,10,11,12,14,15,16,18,22,23,24,26	908
T18.2	18	0,1,3,6,8,9,10,12,14,15,16,18,19,21,22,24,25,26	884
T18.3	18	1,2,3,4,5,8,10,12,15,16,17,18,20,21,22,23,25,26	945
T18.4	18	0,2,3,4,6,7,8,10,12,15,16,17,18,19,21,22,24,26	891
T18.5	18	0,1,2,6,7,8,9,10,13,14,15,17,20,21,22,23,25,26	920
T18.6	18	0,1,2,4,5,6,9,11,13,14,15,16,17,20,21,22,25,26	854
T18.7	18	1,3,4,5,8,10,11,12,14,15,18,19,20,21,22,24,25,26	934
T18.8	18	0,1,2,3,4,6,8,9,10,11,13,14,15,19,22,23,24,26	897
T18.9	18	0,1,3,5,7,8,9,10,11,12,17,18,19,20,22,23,24,25	1003
T18.10	18	0,1,4,6,7,8,9,10,11,12,15,16,17,18,20,21,23,25	928
T18.11	18	0,2,4,5,6,7,8,10,12,13,15,17,19,20,22,23,24,26	959
T18.12	18	0,1,2,3,5,6,7,8,9,11,15,16,19,20,21,24,25,26	978
T18.13	18	0,1,2,3,4,5,6,9,10,13,16,18,19,20,21,24,25,26	894
T18.14	18	0,2,3,4,5,7,8,9,10,12,13,15,16,17,19,20,25,26	961
T18.15	18	0,3,4,5,6,7,9,11,13,14,15,16,17,18,20,22,23,24	939
T18.16	18	0,1,2,3,4,5,9,11,12,13,14,15,17,18,19,20,22,24	905
T18.17	18	0,1,3,6,8,9,10,13,14,15,16,17,18,19,20,22,24,25	884
T18.18	18	0,1,2,3,4,5,6,7,9,11,12,14,15,18,20,23,25,26	931
T18.19	18	0,3,4,6,7,9,11,12,13,14,15,16,17,19,21,23,25,26	854
T18.20	18	1,2,6,7,8,9,10,11,13,15,16,17,19,21,22,23,24,25	914
T18.21	18	0,2,4,6,9,11,12,13,14,15,16,17,18,19,20,21,22,25	803
T18.22	18	0,1,2,4,5,6,8,9,10,11,13,14,16,18,19,24,25,26	952
T18.23	18	0,1,3,7,8,9,10,11,12,13,14,15,16,18,20,23,24,26	940
T18.24	18	0,1,2,3,4,6,9,11,12,16,17,18,19,21,23,24,25,26	828
T18.25	18	2,4,5,6,8,10,11,14,15,18,19,20,21,22,23,24,25,26	943
T18.26	18	0,5,6,7,8,9,11,14,15,16,17,18,19,20,21,24,25,26	986
T18.27	18	0,2,3,5,6,7,8,9,11,12,14,16,18,19,20,23,24,26	1012
T18.28	18	0,2,4,5,6,7,11,12,14,15,16,17,18,19,21,22,24,26	904
T18.29	18	0,2,3,4,8,10,11,12,13,15,17,19,20,21,22,23,25,26	842
T18.30	18	2,4,5,6,7,11,12,13,14,15,16,18,19,20,21,22,24,26	902
T18.31	18	0,1,2,4,5,6,9,11,12,14,15,16,17,20,21,23,25,26	874
T18.32	18	0,1,2,3,4,5,8,9,10,13,14,15,17,18,20,21,22,25	953
T18.33	18	0,1,2,3,4,9,10,11,12,13,15,17,20,21,22,24,25,26	664
T18.34	18	1,4,5,6,9,10,11,13,15,16,17,18,19,21,22,23,24,26	899
T18.35	18	2,3,4,5,8,9,10,11,12,13,14,15,16,17,18,19,21,23	969
T18.36	18	0,3,5,6,7,8,10,11,12,14,16,17,18,19,20,21,22,24	987
T18.37	18	1,2,4,5,7,11,12,13,14,16,17,19,21,22,23,24,25,26	880
T18.38	18	0,1,2,3,4,5,8,12,13,15,17,18,19,20,22,23,24,26	955
T18.39	18	5,6,7,8,10,11,13,14,15,16,17,19,20,21,22,23,25,26	950
T18.40	18	1,5,6,8,9,10,12,13,14,15,16,17,18,19,20,24,25,26	942
T18.41	18	1,2,3,4,6,7,10,11,12,13,17,19,20,21,22,24,25,26	763
T18.42	18	0,1,5,6,7,8,9,10,13,14,16,17,18,20,22,23,24,25	1001
T18.43	18	0,2,3,6,7,8,9,13,15,16,18,19,20,21,22,23,24,26	945
T18.44	18	0,1,2,3,6,7,9,10,11,12,15,18,19,21,22,24,25,26	834
T18.45	18	1,4,6,8,9,10,12,13,14,15,16,18,19,20,21,22,24,26	866
T18.46	18	0,1,2,3,4,6,7,8,11,12,13,17,18,20,21,22,24,26	899
T18.47	18	0,2,3,5,8,9,10,11,12,13,15,17,19,20,22,23,24,26	951
T18.48	18	0,1,3,4,5,7,9,10,11,13,14,15,17,19,20,21,23,25	911
T18.49	18	1,2,4,5,6,7,8,9,10,12,13,16,17,18,21,24,25,26	974
T18.50	18	0,1,2,3,4,6,7,10,11,12,13,16,18,20,21,22,24,25	744
T18.51	18	2,3,4,5,6,7,9,11,13,14,15,16,17,19,20,21,22,25	930
T18.52	18	1,2,5,6,7,8,9,10,11,13,14,16,20,21,22,23,24,25	986
T18.53	18	0,1,2,3,5,6,8,9,10,12,13,14,17,19,20,21,23,26	953
T18.54	18	0,2,3,4,5,6,9,10,11,13,14,17,18,21,22,23,25,26	908
T18.55	18	0,1,2,3,6,7,8,10,11,12,14,15,16,19,20,21,25,26	892
T18.56	18	0,2,4,7,8,9,10,11,12,17,18,19,20,21,22,23,25,26	915
T18.57	18	2,4,6,8,9,10,12,15,16,17,18,19,21,22,23,24,25,26	886
T18.58	18	0,1,2,4,5,6,7,8,9,11,12,14,15,19,21,23,24,26	985
T18.59	18	0,3,4,5,6,9,10,11,12,13,14,15,16,17,20,21,23,26	882
T18.60	18	2,5,7,8,9,11,12,14,15,16,17,18,19,20,22,23,24,26	994
T18.61	18	0,1,2,4,5,6,8,9,11,12,13,16,17,20,21,23,24,26	945
T18.62	18	2,3,5,6,7,8,9,11,12,13,14,15,16,18,21,22,23,25	1010
T18.63	18	0,2,3,4,5,7,9,10,11,13,14,15,16,17,19,20,25,26	909
T18.64	18	0,2,3,4,5,8,9,11,12,15,16,17,18,20,22,23,25,26	971
T18.65	18	0,1,3,5,6,7,8,9,13,14,15,18,19,20,21,22,24,25	998
T18.66	18	0,1,3,4,8,9,10,11,12,13,14,16,17,19,21,22,23,26	885
T18.67	18	0,1,2,3,4,5,6,7,8,11,14,17,18,19,22,23,24,26	1002
T18.68	18	0,1,2,3,6,7,9,10,12,14,16,17,18,21,22,23,24,26	831
T18.69	18	0,1,2,3,4,5,6,7,9,10,12,13,16,17,18,19,23,26	954
T18.70	18	0,1,4,5,6,7,10,11,13,14,15,16,17,18,19,21,23,25	898
T18.71	18	0,1,4,5,6,7,9,11,12,13,14,15,18,19,21,22,23,25	941
T18.72	18	0,1,4,6,7,9,10,11,12,15,16,17,19,20,21,24,25,26	795
T18.73	18	0,1,3,4,5,10,11,12,13,14,15,18,19,21,22,24,25,26	865
T18.74	18	0,1,2,3,4,6,7,8,9,10,11,15,17,18,21,22,24,25	925
T18.75	18	0,1,3,4,7,9,10,11,12,13,15,17,18,19,20,21,22,23	800
T18.76	18	1,2,3,5,6,9,10,11,12,15,16,17,18,19,20,21,22,24	907
T18.77	18	0,2,3,5,6,8,10,11,12,13,14,15,16,17,18,19,23,26	971
T18.78	18	0,1,5,6,7,9,10,11,13,14,15,16,17,20,22,23,25,26	905
T18.79	18	2,7,9,10,11,12,14,15,16,17,18,20,21,22,23,24,25,26	760
T18.80	18	0,1,2,3,4,5,6,7,8,10,11,12,13,14,15,19,21,23	982
T18.81	18	1,3,6,7,8,9,10,11,12,15,16,19,20,21,22,23,24,25	926
T18.82	18	0,1,2,3,4,5,7,8,10,13,15,16,20,21,22,23,24,26	965
T18.83	18	0,2,4,5,6,9,11,12,13,14,16,17,18,19,21,22,24,26	912
T18.84	18	0,1,2,3,4,6,7,8,11,13,14,15,17,18,19,22,25,26	909
T18.85	18	1,3,4,5,6,7,9,11,12,13,15,17,18,19,22,24,25,26	941
T18.86	18	0,1,2,5,6,7,8,10,11,12,14,17,18,19,20,22,24,25	972
T18.87	18	0,1,2,3,4,7,8,9,12,13,14,16,17,18,19,20,25,26	914
T18.88	18	0,1,2,4,5,9,10,11,13,15,16,17,18,20,23,24,25,26	867
T18.89	18	1,2,4,6,7,8,9,10,11,12,13,14,15,17,18,23,25,26	924
T18.90	18	0,2,4,5,6,7,9,11,13,17,18,19,20,21,22,24,25,26	940
T18.91	18	0,1,3,4,5,7,10,11,13,14,15,17,18,19,20,22,23,24	915
T18.92	18	1,3,4,6,8,9,10,11,13,14,16,17,18,20,21,23,24,25	918
T18.93	18	0,1,3,4,5,7,8,9,11,13,14,17,19,21,22,23,24,26	992
T18.94	18	1,2,3,4,5,6,7,8,11,12,14,15,16,19,21,23,24,26	976
T18.95	18	0,2,3,5,6,8,9,11,14,15,17,18,19,21,23,24,25,26	978
T18.96	18	2,3,7,8,9,10,13,14,15,16,17,18,19,20,22,24,25,26	915
T18.97	18	0,1,2,4,5,6,7,9,12,14,15,18,19,20,21,22,23,26	944
T18.98	18	0,1,2,4,5,6,8,10,12,13,14,16,18,19,21,22,24,26	929
T18.99	18	0,2,3,4,6,7,8,9,10,14,15,18,19,21,22,24,25,26	928
T18.100	18	1,2,5,6,8,9,10,12,14,16,17,18,19,20,21,23,25,26	962
T20.1	20	0,1,2,4,5,7,9,10,11,12,13,14,15,16,18,20,22,23,24,26	914
T20.2	20	0,1,3,5,6,8,9,10,12,13,14,15,16,18,19,21,22,24,25,26	962
T20.3	20	1,2,3,4,5,8,10,11,12,15,16,17,18,19,20,21,22,23,25,26	950
T20.4	20	0,2,3,4,5,6,7,8,10,12,13,15,16,17,18,19,21,22,24,26	985
T20.5	20	0,1,2,5,6,7,8,9,10,13,14,15,17,18,20,21,22,23,25,26	1002
T20.6	20	0,1,2,4,5,6,9,11,13,14,15,16,17,19,20,21,22,23,25,26	899
T20.7	20	0,1,2,3,4,5,8,10,11,12,14,15,18,19,20,21,22,24,25,26	950
T20.8	20	0,1,2,3,4,6,8,9,10,11,13,14,15,18,19,20,22,23,24,26	924
T20.9	20	0,1,3,5,7,8,9,10,11,12,17,18,19,20,21,22,23,24,25,26	1003
T20.10	20	0,1,2,4,6,7,8,9,10,11,12,14,15,16,17,18,20,21,23,25	945
T20.11	20	0,2,4,5,6,7,8,9,10,12,13,15,16,17,19,20,22,23,24,26	983
T20.12	20	0,1,2,3,5,6,7,8,9,11,13,15,16,19,20,21,23,24,25,26	995
T20.13	20	0,1,2,3,4,5,6,8,9,10,13,14,16,18,19,20,21,24,25,26	961
T20.14	20	0,1,2,3,4,5,7,8,9,10,12,13,14,15,16,17,19,20,25,26	971
T20.15	20	0,2,3,4,5,6,7,9,11,13,14,15,16,17,18,19,20,22,23,24	968
T20.16	20	0,1,2,3,4,5,6,8,9,11,12,13,14,15,17,18,19,20,22,24	977
T20.17	20	0,1,3,4,6,8,9,10,12,13,14,15,16,17,18,19,20,22,24,25	895
T20.18	20	0,1,2,3,4,5,6,7,9,11,12,14,15,17,18,20,21,23,25,26	935
T20.19	20	0,3,4,6,7,9,11,12,13,14,15,16,17,19,21,22,23,24,25,26	866
T20.20	20	1,2,5,6,7,8,9,10,11,13,15,16,17,19,20,21,22,23,24,25	985
T20.21	20	0,2,4,6,9,11,12,13,14,15,16,17,18,19,20,21,22,23,25,26	837
T20.22	20	0,1,2,4,5,6,8,9,10,11,13,14,16,17,18,19,22,24,25,26	959
T20.23	20	0,1,3,4,7,8,9,10,11,12,13,14,15,16,18,20,21,23,24,26	943
T20.24	20	0,1,2,3,4,6,9,10,11,12,15,16,17,18,19,21,23,24,25,26	837
T20.25	20	2,4,5,6,8,10,11,12,14,15,17,18,19,20,21,22,23,24,25,26	950
T20.26	20	0,1,2,5,6,7,8,9,11,14,15,16,17,18,19,20,21,24,25,26	992
T20.27	20	0,2,3,5,6,7,8,9,10,11,12,14,15,16,18,19,20,23,24,26	1012
T20.28	20	0,1,2,4,5,6,7,11,12,14,15,16,17,18,19,21,22,24,25,26	906
T20.29	20	0,2,3,4,5,6,8,10,11,12,13,15,17,19,20,21,22,23,25,26	947
T20.30	20	2,3,4,5,6,7,11,12,13,14,15,16,17,18,19,20,21,22,24,26	928
T20.31	20	0,1,2,4,5,6,9,11,12,13,14,15,16,17,20,21,22,23,25,26	882
T20.32	20	0,1,2,3,4,5,7,8,9,10,11,13,14,15,17,18,20,21,22,25	993
T20.33	20	0,1,2,3,4,8,9,10,11,12,13,14,15,17,20,21,22,24,25,26	857
T20.34	20	1,4,5,6,8,9,10,11,13,15,16,17,18,19,21,22,23,24,25,26	954
T20.35	20	1,2,3,4,5,8,9,10,11,12,13,14,15,16,17,18,19,21,23,25	970
T20.36	20	0,3,5,6,7,8,9,10,11,12,14,16,17,18,19,20,21,22,24,25	1004
T20.37	20	0,1,2,4,5,7,11,12,13,14,15,16,17,19,21,22,23,24,25,26	891
T20.38	20	0,1,2,3,4,5,8,12,13,14,15,17,18,19,20,21,22,23,24,26	965
T20.39	20	0,5,6,7,8,10,11,12,13,14,15,16,17,19,20,21,22,23,25,26	959
T20.40	20	1,5,6,7,8,9,10,11,12,13,14,15,16,17,18,19,20,24,25,26	983
T20.41	20	1,2,3,4,6,7,10,11,12,13,15,17,19,20,21,22,23,24,25,26	799
T20.42	20	0,1,3,5,6,7,8,9,10,13,14,16,17,18,20,22,23,24,25,26	1014
T20.43	20	0,2,3,5,6,7,8,9,10,13,15,16,18,19,20,21,22,23,24,26	1008
T20.44	20	0,1,2,3,4,6,7,9,10,11,12,15,18,19,20,21,22,24,25,26	839
T20.45	20	1,2,3,4,6,8,9,10,12,13,14,15,16,18,19,20,21,22,24,26	890
T20.46	20	0,1,2,3,4,6,7,8,9,11,12,13,17,18,19,20,21,22,24,26	930
T20.47	20	0,2,3,5,8,9,10,11,12,13,14,15,17,19,20,22,23,24,25,26	961
T20.48	20	0,1,3,4,5,6,7,9,10,11,13,14,15,17,19,20,21,23,25,26	940
T20.49	20	0,1,2,4,5,6,7,8,9,10,12,13,15,16,17,18,21,24,25,26	982
T20.50	20	0,1,2,3,4,6,7,10,11,12,13,15,16,17,18,20,21,22,24,25	758
T20.51	20	2,3,4,5,6,7,9,11,13,14,15,16,17,19,20,21,22,23,24,25	950
T20.52	20	1,2,5,6,7,8,9,10,11,12,13,14,15,16,20,21,22,23,24,25	987
T20.53	20	0,1,2,3,5,6,8,9,10,12,13,14,17,18,19,20,21,22,23,26	986
T20.54	20	0,2,3,4,5,6,8,9,10,11,13,14,17,18,20,21,22,23,25,26	987
T20.55	20	0,1,2,3,4,6,7,8,10,11,12,13,14,15,16,19,20,21,25,26	895
T20.56	20	0,2,3,4,7,8,9,10,11,12,15,17,18,19,20,21,22,23,25,26	932
T20.57	20	2,3,4,6,8,9,10,12,15,16,17,18,19,20,21,22,23,24,25,26	910
T20.58	20	0,1,2,3,4,5,6,7,8,9,11,12,14,15,19,21,22,23,24,26	1002
T20.59	20	0,3,4,5,6,7,9,10,11,12,13,14,15,16,17,20,21,23,25,26	919
T20.60	20	2,5,7,8,9,11,12,13,14,15,16,17,18,19,20,22,23,24,25,26	997
T20.61	20	0,1,2,4,5,6,7,8,9,11,12,13,16,17,20,21,22,23,24,26	988
T20.62	20	2,3,4,5,6,7,8,9,10,11,12,13,14,15,16,18,21,22,23,25	1010
T20.63	20	0,2,3,4,5,7,9,10,11,13,14,15,16,17,18,19,20,21,25,26	927
T20.64	20	0,1,2,3,4,5,8,9,11,12,15,16,17,18,20,22,23,24,25,26	977
T20.65	20	0,1,3,4,5,6,7,8,9,12,13,14,15,18,19,20,21,22,24,25	999
T20.66	20	0,1,3,4,7,8,9,10,11,12,13,14,16,17,19,20,21,22,23,26	932
T20.67	20	0,1,2,3,4,5,6,7,8,11,14,17,18,19,20,21,22,23,24,26	1003
T20.68	20	0,1,2,3,6,7,8,9,10,12,14,15,16,17,18,21,22,23,24,26	960
T20.69	20	0,1,2,3,4,5,6,7,9,10,12,13,16,17,18,19,21,22,23,26	958
T20.70	20	0,1,4,5,6,7,8,10,11,13,14,15,16,17,18,19,21,22,23,25	968
T20.71	20	0,1,2,4,5,6,7,9,10,11,12,13,14,15,18,19,21,22,23,25	949
T20.72	20	0,1,3,4,6,7,9,10,11,12,14,15,16,17,19,20,21,24,25,26	834
T20.73	20	0,1,3,4,5,7,10,11,12,13,14,15,18,19,21,22,23,24,25,26	915
T20.74	20	0,1,2,3,4,6,7,8,9,10,11,15,17,18,21,22,23,24,25,26	951
T20.75	20	0,1,2,3,4,7,8,9,10,11,12,13,15,17,18,19,20,21,22,23	933
T20.76	20	1,2,3,5,6,9,10,11,12,15,16,17,18,19,20,21,22,23,24,25	927
T20.77	20	0,2,3,4,5,6,8,10,11,12,13,14,15,16,17,18,19,23,25,26	974
T20.78	20	0,1,3,5,6,7,9,10,11,12,13,14,15,16,17,20,22,23,25,26	921
T20.79	20	2,5,6,7,9,10,11,12,14,15,16,17,18,20,21,22,23,24,25,26	929
T20.80	20	0,1,2,3,4,5,6,7,8,9,10,11,12,13,14,15,19,21,22,23	1000
T20.81	20	1,3,5,6,7,8,9,10,11,12,15,16,18,19,20,21,22,23,24,25	1003
T20.82	20	0,1,2,3,4,5,7,8,10,12,13,14,15,16,20,21,22,23,24,26	976
T20.83	20	0,2,4,5,6,9,10,11,12,13,14,16,17,18,19,21,22,23,24,26	931
T20.84	20	0,1,2,3,4,6,7,8,10,11,12,13,14,15,17,18,19,22,25,26	912
T20.85	20	1,3,4,5,6,7,9,10,11,12,13,15,17,18,19,20,22,24,25,26	946
T20.86	20	0,1,2,5,6,7,8,10,11,12,14,16,17,18,19,20,22,24,25,26	972
T20.87	20	0,1,2,3,4,5,6,7,8,9,12,13,14,16,17,18,19,20,25,26	999
T20.88	20	0,1,2,4,5,9,10,11,12,13,15,16,17,18,20,21,23,24,25,26	875
T20.89	20	1,2,4,6,7,8,9,10,11,12,13,14,15,17,18,22,23,24,25,26	934
T20.90	20	0,2,4,5,6,7,9,11,12,13,17,18,19,20,21,22,23,24,25,26	955
T20.91	20	0,1,3,4,5,7,8,10,11,13,14,15,16,17,18,19,20,22,23,24	991
T20.92	20	1,3,4,6,7,8,9,10,11,13,14,16,17,18,20,21,22,23,24,25	956
T20.93	20	0,1,3,4,5,6,7,8,9,11,13,14,15,17,19,21,22,23,24,26	1001
T20.94	20	0,1,2,3,4,5,6,7,8,10,11,12,14,15,16,19,21,23,24,26	984
T20.95	20	0,2,3,5,6,7,8,9,11,13,14,15,17,18,19,21,23,24,25,26	1016
T20.96	20	0,2,3,7,8,9,10,12,13,14,15,16,17,18,19,20,22,24,25,26	923
T20.97	20	0,1,2,4,5,6,7,9,10,12,14,15,18,19,20,21,22,23,24,26	952
T20.98	20	0,1,2,4,5,6,8,10,11,12,13,14,15,16,18,19,21,22,24,26	935
T20.99	20	0,2,3,4,6,7,8,9,10,13,14,15,17,18,19,21,22,24,25,26	936
T20.100	20	1,2,4,5,6,7,8,9,10,12,14,16,17,18,19,20,21,23,25,26	992